3.2485986163903933
3.070839769971267
2.6224178586797455
2.047175970818077
1.434666217815388
1.6080870729838983
1.09550236990868
1.5357043344045764
1.1591288946568967
1.2213497273752403
1.174967910201642
0.996347854755305
1.093319549668452
0.9490346124074581
1.1170884620976345
1.0032855053079026
1.0642899203788618
1.162496363705602
1.3724393988220855
1.220651617723292
1.3097320028131123
1.2111246292061848
1.1794061243534089
1.2902656707398852
1.1789054582987366
1.2832353542141357
1.1688578277184019
1.245267840291791
1.3502929531326837
